2.562975585460662842e-01
2.568951249122619629e-01
2.605601251125335693e-01
2.446368485689163208e-01
2.401394397020339966e-01
2.415652275085449219e-01
2.455398142337799072e-01
2.309326976537704468e-01
2.520775794982910156e-01
2.392347007989883423e-01
2.387323975563049316e-01
2.347032725811004639e-01
2.276077270507812500e-01
2.085322737693786621e-01
2.225785255432128906e-01
2.313708066940307617e-01
2.269922196865081787e-01
2.364782243967056274e-01
2.021741867065429688e-01
2.193714231252670288e-01
2.290671318769454956e-01
2.301486879587173462e-01
2.205727547407150269e-01
2.207694053649902344e-01
2.241009622812271118e-01
2.264431565999984741e-01
2.322742491960525513e-01
2.193568944931030273e-01
2.218125313520431519e-01
2.244563847780227661e-01
2.157400846481323242e-01
2.144428640604019165e-01
2.009473145008087158e-01
2.108691930770874023e-01
2.168420851230621338e-01
2.093473523855209351e-01
2.309578657150268555e-01
2.350171357393264771e-01
2.127209603786468506e-01
2.054504007101058960e-01
2.300880551338195801e-01
2.391055375337600708e-01
2.283292561769485474e-01
2.196659594774246216e-01
2.492953538894653320e-01
2.167398333549499512e-01
2.222026437520980835e-01
2.458438575267791748e-01
2.410680353641510010e-01
2.377815395593643188e-01
2.357222437858581543e-01
2.370704114437103271e-01
2.417331337928771973e-01
2.362957447767257690e-01
2.290527224540710449e-01
2.386928051710128784e-01
2.440123260021209717e-01
2.551352083683013916e-01
2.571347355842590332e-01
2.608054876327514648e-01
2.729649841785430908e-01
2.582768797874450684e-01
2.651922702789306641e-01
2.696164548397064209e-01
2.649402022361755371e-01
2.839971184730529785e-01
2.705474793910980225e-01
2.621509730815887451e-01
2.790649235248565674e-01
2.783168554306030273e-01
2.825831472873687744e-01
2.887908220291137695e-01
2.979477345943450928e-01
3.036046028137207031e-01
2.964092791080474854e-01
3.170702457427978516e-01
3.321924507617950439e-01
3.109492063522338867e-01
3.332553505897521973e-01
3.445976376533508301e-01
3.472720384597778320e-01
3.548247218132019043e-01
3.520590364933013916e-01
3.917454779148101807e-01
3.624889850616455078e-01
3.598156571388244629e-01
3.791870772838592529e-01
3.917470872402191162e-01
4.024807214736938477e-01
4.326496422290802002e-01
4.360669851303100586e-01
4.436712861061096191e-01
4.847510159015655518e-01
4.791990220546722412e-01
1.706531524658203125e+00
1.773156166076660156e+00
1.818568229675292969e+00
1.958934426307678223e+00
2.024988412857055664e+00
2.112906932830810547e+00
2.211442947387695312e+00
2.300453424453735352e+00
2.405761003494262695e+00
2.570829391479492188e+00
2.587915420532226562e+00
2.618220090866088867e+00
2.625334262847900391e+00
2.616287946701049805e+00
2.642063379287719727e+00
2.641668081283569336e+00
2.670083999633789062e+00
2.702690362930297852e+00
3.191390752792358398e+00
3.306157112121582031e+00
3.342893362045288086e+00
3.369908332824707031e+00
3.382472276687622070e+00
3.427269935607910156e+00
3.446419477462768555e+00
3.462781190872192383e+00
inf
inf
inf
inf
1.974081635475158691e+00
1.921357154846191406e+00
1.911813378334045410e+00
1.895020127296447754e+00
1.889841556549072266e+00
1.892123103141784668e+00
1.929888367652893066e+00
1.917220234870910645e+00
2.035075187683105469e+00
inf
inf
inf
inf
inf
inf
inf
inf
inf
inf
2.760970115661621094e+00
2.731467723846435547e+00
2.696560621261596680e+00
2.713700771331787109e+00
2.714493036270141602e+00
2.775722026824951172e+00
inf
inf
inf
1.306639909744262695e+00
1.277833700180053711e+00
1.236186265945434570e+00
1.252494573593139648e+00
1.222820758819580078e+00
1.215651273727416992e+00
1.215473532676696777e+00
1.215592503547668457e+00
1.229196429252624512e+00
1.214221835136413574e+00
1.232351660728454590e+00
1.254044175148010254e+00
2.355964422225952148e+00
2.310616970062255859e+00
2.284492015838623047e+00
2.261481285095214844e+00
2.273568630218505859e+00
2.292461872100830078e+00
2.329201936721801758e+00
3.379608154296875000e+00
3.374049425125122070e+00
3.395271778106689453e+00
inf
inf
inf
inf
inf
inf
inf
inf
inf
inf
inf
inf
inf
3.441926717758178711e+00
3.404676914215087891e+00
3.357859611511230469e+00
3.359712123870849609e+00
2.362644195556640625e+00
2.298793554306030273e+00
2.292849540710449219e+00
2.298389196395874023e+00
2.330915927886962891e+00
2.328553199768066406e+00
inf
inf
1.341493487358093262e+00
1.311011910438537598e+00
1.258535861968994141e+00
1.270847201347351074e+00
1.264694333076477051e+00
1.246091723442077637e+00
1.242018103599548340e+00
1.268891334533691406e+00
1.264312624931335449e+00
1.277661919593811035e+00
1.287317991256713867e+00
1.303457617759704590e+00
inf
inf
inf
inf
inf
3.419380426406860352e+00
3.326504707336425781e+00
3.289044141769409180e+00
3.224503517150878906e+00
3.136072158813476562e+00
3.061581373214721680e+00
3.014187574386596680e+00
2.971847057342529297e+00
2.904945373535156250e+00
2.859856605529785156e+00
2.821492671966552734e+00
2.765274047851562500e+00
2.706133842468261719e+00
2.668124198913574219e+00
2.627526760101318359e+00
2.603269338607788086e+00
2.586091518402099609e+00
2.536423206329345703e+00
2.493816852569580078e+00
2.479049921035766602e+00
2.445441722869873047e+00
1.780491113662719727e+00
1.765816807746887207e+00
1.755474805831909180e+00
1.732670426368713379e+00
1.707293987274169922e+00
1.697468757629394531e+00
1.679880023002624512e+00
1.657251954078674316e+00
1.658090233802795410e+00
1.612224221229553223e+00
1.622979640960693359e+00
1.614035844802856445e+00
1.422273993492126465e+00
1.306187510490417480e+00
1.223632454872131348e+00
1.142699003219604492e+00
1.022656679153442383e+00
9.648693203926086426e-01
9.114496707916259766e-01
8.568450212478637695e-01
8.160848617553710938e-01
7.230866551399230957e-01
7.370433807373046875e-01
6.840535402297973633e-01
6.743602752685546875e-01
6.480135917663574219e-01
6.138629913330078125e-01
5.849603414535522461e-01
5.639989972114562988e-01
5.314913988113403320e-01
5.250123143196105957e-01
5.055083036422729492e-01
5.002806186676025391e-01
5.244540572166442871e-01
4.741815030574798584e-01
4.500992000102996826e-01
4.226866364479064941e-01
4.326597750186920166e-01
4.149311780929565430e-01
4.027309119701385498e-01
3.947602212429046631e-01
3.877516388893127441e-01
3.751634657382965088e-01
3.888925909996032715e-01
3.709142804145812988e-01
3.630167841911315918e-01
3.596691489219665527e-01
3.482167720794677734e-01
3.504112064838409424e-01
3.292829990386962891e-01
3.344336450099945068e-01
3.269945085048675537e-01
3.180744051933288574e-01
3.221300244331359863e-01
3.156461417675018311e-01
3.081251978874206543e-01
3.102135658264160156e-01
2.992412149906158447e-01
2.948816120624542236e-01
2.798095047473907471e-01
2.877939343452453613e-01
2.788439095020294189e-01
2.830604910850524902e-01
2.787425220012664795e-01
2.686685025691986084e-01
2.772430479526519775e-01
2.628273963928222656e-01
2.766650021076202393e-01
2.625620663166046143e-01
2.769192457199096680e-01
2.450985312461853027e-01
2.633331120014190674e-01
2.498763501644134521e-01
2.645131647586822510e-01
2.650122940540313721e-01
2.454551011323928833e-01
2.592744827270507812e-01
2.517181336879730225e-01
2.511968016624450684e-01
2.503544092178344727e-01
2.569056749343872070e-01
2.583169043064117432e-01
2.431252151727676392e-01
2.436162233352661133e-01
2.412288188934326172e-01
2.529722750186920166e-01
2.364988327026367188e-01
2.507569789886474609e-01
2.473865747451782227e-01
2.407744824886322021e-01
2.471714168787002563e-01
2.424050420522689819e-01
2.332876026630401611e-01
2.452405840158462524e-01
2.501196563243865967e-01
2.812069356441497803e-01
2.554028034210205078e-01
2.347122430801391602e-01
2.592414617538452148e-01
2.375368773937225342e-01
2.533462345600128174e-01
2.433728426694869995e-01
2.478097528219223022e-01
2.321525365114212036e-01
2.401047199964523315e-01
2.659346461296081543e-01
2.416287511587142944e-01
2.624724507331848145e-01
2.527402937412261963e-01
2.469075024127960205e-01
2.650417387485504150e-01
2.655994594097137451e-01
2.650858163833618164e-01
2.637715041637420654e-01
2.825199365615844727e-01
2.736701071262359619e-01
2.647743821144104004e-01
2.814061939716339111e-01
2.664723396301269531e-01
2.576632499694824219e-01
2.736476361751556396e-01
2.656905651092529297e-01
2.349625229835510254e-01
